99999999999999999999999999999999999999999999999999999999
99999999999999999996666666699999999999999999999999999999
99999999999999999996699999969999999999999999999999999999
99999999999999999996699999969999999999999999999999999999
99999999999999999996699999699999999999999999999999999999
99999999999999999996666666999999999999999999999999999999
99999999999999999996699999699999999999999999999999999999
99999999999999999996699999969999999999999999999999999999
99999999999999999996699999969999999999999999999999999999
99999999999999999996699999969999999999999999999999999999
99999999999999999996699999699999999999999999999999999999
99999999999999999996699996999999999999999999999999999999
99999999999999999996666669999999999999999999999999999999
99999999999999999999999999999999999999999999999999999999
99999999999999999999999999999999999999999999999999999999
